  0
  0
  0
  0
  0
  0
  0
  0
  0
  0
  0
  0
  0
  0
  0
  0
  0
  0
  0
  0
  0
  0
  0
  0
  0
  0
  0
  0
  0
  0
 74
254
255
166
255
255
255
255
120
 56
112
152
188
204
204
204
200
176
  0
  0
  0
  0
  0
  0
  0
  0
  0
  0
  0
  0
  0
  0
  0
  0
  0
  0
  0
  0
  0
  0
  0
  0
  0
  0
  0
  0
 92
255
255
255
255
255
160
255
255
 92
 24
  0
  0
 24
 72
104
255
255
110
104
  0
  0
  0
  0
  0
  0
  0
  0
  0
  0
  0
  0
  0
  0
  0
  0
  0
  0
  0
  0
  0
  0
  0
  0
  0
  0
 20
222
255
255
255
255
255
154
 24
  0
 16
 72
255
255
255
255
255
255
255
255
255
255
  0
  0
  0
  0
  0
  0
  0
  0
  0
  0
  0
  0
  0
  0
  0
  0
  0
  0
  0
  0
  0
  0
  0
  0
  0
 54
255
255
198
255
255
 58
  0
 14
 68
146
255
255
255
255
255
255
255
255
100
 94
255
255
  0
  0
  0
  0
  0
  0
  0
  0
  0
  0
  0
  0
  0
  0
  0
  0
  0
  0
  0
  0
  0
  0
  0
  0
 54
255
148
168
255
108
  0
 14
 84
255
255
255
255
255
132
 70
 20
  6
  2
 32
 72
 94
104
122
  0
  0
  0
  0
  0
  0
  0
  0
  0
  0
  0
  0
  0
  0
  0
  0
  0
  0
  0
  0
  0
  0
  0
 22
255
144
202
255
 40
  0
 36
150
255
255
255
255
 58
 10
  2
 42
104
164
210
240
252
234
222
230
  0
  0
  0
  0
  0
  0
  0
  0
  0
  0
  0
  0
  0
  0
  0
  0
  0
  0
  0
  0
  0
  0
  0
214
255
170
255
 14
  0
 68
255
255
255
122
 30
  2
 32
106
180
250
255
255
254
214
180
140
118
100
  0
  0
  0
  0
  0
  0
  0
  0
  0
  0
  0
  0
  0
  0
  0
  0
  0
  0
  0
  0
  0
  0
 58
255
238
255
 36
  0
 78
255
255
255
 68
  2
 32
120
226
255
255
242
172
108
 42
 52
134
192
246
255
  0
  0
  0
  0
  0
  0
  0
  0
  0
  0
  0
  0
  0
  0
  0
  0
  0
  0
  0
  0
  0
  0
242
255
255
118
  0
 52
255
255
160
 34
  6
 80
212
255
255
198
106
 30
 52
152
255
255
255
255
254
255
  0
  0
  0
  0
  0
  0
  0
  0
  0
  0
  0
  0
  0
  0
  0
  0
  0
  0
  0
  0
  0
  0
255
255
255
  0
 20
176
255
255
 24
 18
118
255
255
212
 92
 14
 74
220
255
255
255
255
255
255
255
255
  0
  0
  0
  0
  0
  0
  0
  0
  0
  0
  0
  0
  0
  0
  0
  0
  0
  0
  0
  0
  0
 56
146
255
144
  0
 94
255
255
 48
 14
126
255
255
144
 32
 40
176
255
255
255
255
255
255
 10
255
255
255
  0
  0
  0
  0
  0
  0
  0
  0
  0
  0
  0
  0
  0
  0
  0
  0
  0
  0
  0
  0
  0
170
222
 80
 18
 12
255
255
108
  2
 98
255
255
112
 12
 76
255
255
255
255
255
  8
 12
255
255
255
255
255
  0
  0
  0
  0
  0
  0
  0
  0
  0
  0
  0
  0
  0
  0
  0
  0
  0
  0
  0
  0
  0
242
180
134
  0
 68
255
255
 26
 48
238
255
126
 12
 74
255
255
255
255
 24
  6
255
255
 28
255
255
255
 26
  0
  0
  0
  0
  0
  0
  0
  0
  0
  0
  0
  0
  0
  0
  0
  0
  0
  0
  0
  0
  0
255
134
160
  0
255
255
134
  0
150
255
186
 22
 54
255
255
255
 80
  4
255
255
 30
255
255
 40
  4
255
255
  0
  0
  0
  0
  0
  0
  0
  0
  0
  0
  0
  0
  0
  0
  0
  0
  0
  0
  0
  0
  0
255
132
184
  0
255
255
 78
 44
248
255
 64
 16
218
255
255
 82
  2
255
255
255
255
 32
  2
 56
255
255
255
  0
  0
  0
  0
  0
  0
  0
  0
  0
  0
  0
  0
  0
  0
  0
  0
  0
  0
  0
  0
  0
255
138
214
  0
255
255
 32
118
255
174
  6
110
255
255
255
  0
  4
255
255
255
 24
 26
255
255
255
102
 42
  0
  0
  0
  0
  0
  0
  0
  0
  0
  0
  0
  0
  0
  0
  0
  0
  0
  0
  0
  0
  0
255
182
255
  0
255
255
 10
176
255
 94
 10
255
255
255
  8
  6
255
 44
255
 22
 32
255
255
255
 52
  8
  2
  0
  0
  0
  0
  0
  0
  0
  0
  0
  0
  0
  0
  0
  0
  0
  0
  0
  0
  0
  0
  0
255
255
255
  0
255
255
 12
208
242
 36
 70
255
255
255
  6
255
 34
255
 16
 30
255
255
110
 24
  4
  0
 70
  0
  0
  0
  0
  0
  0
  0
  0
  0
  0
  0
  0
  0
  0
  0
  0
  0
  0
  0
  0
 92
176
255
108
  0
255
255
  4
226
216
  6
158
255
255
  4
255
255
255
 28
 10
255
255
106
 20
  2
  2
120
255
  0
  0
  0
  0
  0
  0
  0
  0
  0
  0
  0
  0
  0
  0
  0
  0
  0
  0
  0
 20
255
255
255
 24
 30
255
255
 28
230
196
  0
224
255
255
  0
255
255
255
  8
 58
255
255
 20
  2
  2
140
255
255
  0
  0
  0
  0
  0
  0
  0
  0
  0
  0
  0
  0
  0
  0
  0
  0
  0
  0
 82
255
194
206
255
  0
 84
255
255
 50
228
178
  0
255
238
255
 10
255
255
 34
 12
255
255
 50
  4
  0
106
255
255
255
  0
  0
  0
  0
  0
  0
  0
  0
  0
 28
128
226
255
255
255
255
255
255
170
255
196
255
 48
  0
148
255
255
 68
230
162
  0
255
214
255
255
255
255
 16
 48
255
255
  4
  0
 42
255
255
255
 80
  0
  0
  0
  0
  0
  0
  0
 86
255
255
208
206
158
146
132
148
174
255
255
252
255
 52
  0
 62
255
255
 56
 88
232
144
  0
255
210
255
255
255
255
  0
255
255
 60
  4
  0
208
255
255
112
  0
  0
  0
  0
  0
  0
  6
196
255
255
255
255
118
168
206
230
255
255
255
 90
 20
  0
 32
106
255
255
150
  8
128
252
124
  0
255
255
255
 14
255
 42
  0
255
255
 18
  0
 36
255
255
224
  0
  0
  0
  0
  0
  0
  0
222
255
136
255
255
 74
  0
 14
 66
106
112
255
255
255
255
255
255
255
255
170
 40
 14
196
255
 84
 22
234
255
 12
 12
 34
 22
  4
255
255
  6
  0
154
255
255
 50
  0
  0
  0
  0
  0
  0
150
255
100
255
120
  0
 20
 96
255
255
255
255
255
255
255
255
255
255
255
 98
 28
  6
104
255
226
 30
 78
255
255
  2
 12
 36
 24
 26
255
255
  4
  0
255
255
255
  0
  0
  0
  0
  0
  0
 28
255
196
255
 94
  0
 36
160
255
255
255
255
255
 92
 66
 40
 28
  8
  6
  4
 14
 60
144
255
255
116
  2
166
255
255
  0
  6
255
 34
255
255
 86
  0
  0
255
255
150
  0
  0
  0
  0
  0
  0
186
255
255
168
  0
 30
170
255
255
106
 24
  2
 34
 88
124
154
176
184
192
204
224
255
255
255
136
 22
 50
255
255
255
  0
255
 28
255
255
255
 68
  0
 12
255
255
 58
  0
  0
  0
  0
  0
  0
255
255
255
  8
  8
136
255
255
 62
  2
 38
134
236
255
248
242
234
220
220
224
218
200
152
 74
  4
 80
255
255
255
 46
 14
255
255
 34
255
255
 56
  0
 30
255
255
  6
  0
  0
  0
  0
  0
 44
134
255
198
  0
 70
255
255
 74
  2
 70
214
255
255
188
124
 88
 36
 44
 88
122
148
168
196
232
255
255
255
255
108
  0
255
255
255
 14
255
255
 42
  0
 46
255
255
  0
  0
  0
  0
  0
  0
164
228
110
 46
  0
255
255
138
  4
 70
246
255
210
 78
  4
 80
216
255
255
236
226
214
214
226
236
255
255
255
 88
  6
255
255
255
255
  0
255
255
 40
  0
 70
255
255
  0
  0
  0
  0
  0
  0
255
238
186
  0
 46
255
255
 38
 36
212
255
178
 36
 30
172
255
255
255
255
255
255
255
255
255
 98
 54
 22
255
  8
255
255
255
255
 20
 34
255
255
 14
  0
122
255
255
  0
  0
  0
  0
  0
  0
255
222
255
  0
110
255
255
  2
130
255
212
 36
 30
206
255
255
255
255
 10
255
255
  8
 24
255
255
 36
 32
255
255
 34
255
255
 28
 30
255
255
 72
  6
  0
204
255
255
  0
  0
  0
  0
  0
  0
255
255
255
  0
255
255
 94
 38
238
255
 82
  6
172
255
255
255
 20
  2
255
255
255
255
 44
 32
255
255
255
255
255
255
255
255
255
255
255
104
 18
  0
  6
255
255
228
  0
  0
  0
  0
  0
  0
 56
255
114
  0
255
255
 38
104
255
186
 12
 82
255
255
255
 10
  8
255
 34
255
255
 34
  4
255
255
255
255
255
255
255
255
255
255
255
 78
 22
  4
  0
124
255
255
114
  0
  0
  0
  0
  0
  4
 98
146
 52
 34
255
255
  2
166
255
108
  4
224
255
255
 20
 10
255
 42
255
 24
  2
 62
255
255
255
255
255
255
 76
 64
 50
 44
 44
 20
  4
  0
 22
154
255
255
255
 22
  0
  0
  0
  0
  0
 26
130
118
 14
 86
255
255
 14
222
252
 46
 46
255
255
255
  2
255
 32
255
 22
 14
 82
255
255
 92
 46
 12
 12
  2
 34
100
176
216
232
248
255
255
255
255
255
255
 98
  0
  0
  0
  0
  0
  0
 60
142
 82
  0
108
255
255
 58
254
202
  6
132
255
255
 12
  8
255
255
 34
  4
 76
255
255
 48
  4
  0
 20
138
255
255
255
255
255
255
255
255
255
255
255
255
 84
  0
  0
  0
  0
  0
  0
  0
 78
126
 48
  0
255
255
 96
 92
246
154
  0
216
255
255
  0
255
255
255
 10
 46
255
255
 38
  2
  0
 66
255
255
255
255
255
255
255
216
200
184
166
116
 42
  0
  0
  0
  0
  0
  0
  0
  0
  0
 78
110
 32
  0
255
255
 96
108
228
120
  4
255
255
255
  8
255
255
255
 10
255
255
 64
  2
  0
 74
255
255
255
255
112
 14
  0
  0
  0
  0
  0
  0
  0
  0
  0
  0
  0
  0
  0
  0
  0
  0
  0
 76
118
 42
  0
108
255
255
136
240
104
 30
255
255
 32
255
255
255
 20
 44
255
255
 10
  0
 24
255
255
255
164
 14
  0
  0
  0
  0
  0
  0
  0
  0
  0
  0
  0
  0
  0
  0
  0
  0
  0
  0
  0
 66
134
 68
  0
102
255
255
164
240
 76
 72
244
255
  2
255
255
255
  0
255
255
 64
  4
  0
170
255
255
152
  0
  0
  0
  0
  0
  0
  0
  0
  0
  0
  0
  0
  0
  0
  0
  0
  0
  0
  0
  0
  0
 40
138
102
  4
100
255
255
178
226
 48
108
236
255
  0
 10
 30
 38
  2
255
255
 18
  0
 24
255
255
255
 10
  0
  0
  0
  0
  0
  0
  0
  0
  0
  0
  0
  0
  0
  0
  0
  0
  0
  0
  0
  0
  0
 10
114
124
 20
102
255
255
186
220
 34
134
226
255
  0
255
255
255
 30
255
255
  8
  0
134
255
255
 70
  0
  0
  0
  0
  0
  0
  0
  0
  0
  0
  0
  0
  0
  0
  0
  0
  0
  0
  0
  0
  0
  0
  0
 88
136
 48
108
255
255
188
214
 26
152
218
255
  0
255
255
255
255
255
 78
  4
  0
255
255
255
  0
  0
  0
  0
  0
  0
  0
  0
  0
  0
  0
  0
  0
  0
  0
  0
  0
  0
  0
  0
  0
  0
  0
  0
 60
255
 90
255
255
 96
188
214
 26
164
212
255
 10
255
255
 24
255
255
 48
  0
 10
255
255
158
  0
  0
  0
  0
  0
  0
  0
  0
  0
  0
  0
  0
  0
  0
  0
  0
  0
  0
  0
  0
  0
  0
  0
  0
255
255
255
255
255
 92
186
216
 30
168
204
255
255
255
255
  4
255
255
 48
  0
 48
255
255
 52
  0
  0
  0
  0
  0
  0
  0
  0
  0
  0
  0
  0
  0
  0
  0
  0
  0
  0
  0
  0
  0
  0
  0
  0
255
238
255
255
255
228
255
255
 86
224
255
255
255
198
255
255
255
255
180
144
234
255
255
  0
  0
  0
  0
  0
  0
  0
  0
  0
  0
  0
  0
  0
  0
  0
  0
  0
  0
  0
  0
  0
  0
  0
