255
255
255
255
255
255
255
255
255
255
255
255
255
255
255
255
255
255
255
255
255
255
255
255
254
250
242
231
217
201
187
175
164
155
147
141
137
134
132
131
130
130
130
130
131
255
255
255
255
255
255
255
255
255
255
255
255
255
255
255
255
255
255
255
255
255
255
255
253
248
237
223
206
187
170
156
144
135
127
121
118
116
116
117
119
121
123
124
125
125
255
255
255
255
255
255
255
255
255
255
255
255
255
255
255
255
255
255
255
255
255
255
253
246
234
218
198
175
156
140
127
119
114
114
115
118
122
125
127
129
131
133
135
137
139
255
255
255
255
255
255
255
255
255
255
255
255
255
255
255
255
255
255
255
255
255
254
248
234
216
193
167
144
127
116
111
112
116
121
125
129
132
136
139
144
148
152
155
158
160
255
255
255
255
255
255
255
255
255
255
255
255
255
255
255
255
255
255
255
255
255
250
237
218
194
165
138
121
112
110
113
120
126
131
136
141
146
152
158
163
167
170
172
174
175
255
255
255
255
255
255
255
255
255
255
255
255
255
255
255
255
255
255
255
255
253
243
224
198
168
138
119
111
110
116
123
130
137
144
150
156
162
168
172
175
178
180
180
180
178
255
255
255
255
255
255
255
255
255
255
255
255
255
255
255
255
255
255
255
255
250
233
208
177
146
121
110
110
116
125
133
142
149
156
163
169
174
178
181
183
182
181
178
176
173
255
255
255
255
255
255
255
255
255
255
255
255
255
255
255
255
255
255
255
255
244
221
191
160
129
112
109
116
125
135
144
152
160
167
174
180
183
185
184
183
179
175
172
168
165
255
255
255
255
255
255
255
255
255
255
255
255
255
255
255
255
255
255
255
253
237
208
177
146
118
109
114
124
134
145
154
162
170
178
184
187
187
185
180
174
168
162
158
153
150
255
255
255
255
255
255
255
255
255
255
255
255
255
255
255
255
255
255
255
251
228
197
166
135
112
111
121
131
143
153
163
171
180
187
189
188
183
175
167
159
153
147
142
137
133
255
255
255
255
255
255
255
255
255
255
255
255
255
255
255
255
255
255
255
249
220
189
158
129
110
116
126
137
150
161
170
180
189
190
187
181
171
160
151
144
137
132
128
126
124
255
255
255
255
255
255
255
255
255
255
255
255
255
255
255
255
255
255
255
246
215
184
153
125
111
121
131
144
158
168
179
188
191
188
180
168
155
145
137
131
127
125
124
124
124
255
255
255
255
255
255
255
255
255
255
255
255
255
255
255
255
255
255
255
243
212
181
150
124
114
124
135
151
164
175
185
191
189
180
167
153
141
133
128
125
124
123
123
124
126
255
255
255
255
255
255
255
255
255
255
255
255
255
255
255
255
255
255
255
240
209
178
147
123
117
127
139
157
170
181
189
190
183
169
154
140
132
127
124
124
123
124
125
127
129
255
255
255
255
255
255
255
255
255
255
255
255
255
255
255
255
255
255
255
238
207
176
145
123
119
129
143
163
175
185
191
187
174
158
143
132
127
124
123
123
123
125
127
131
134
255
255
255
255
255
255
255
255
255
255
255
255
255
255
255
255
255
255
255
235
204
173
142
121
120
130
147
167
178
187
190
180
165
149
135
127
125
124
123
123
125
128
132
136
140
255
255
255
255
255
255
255
255
255
255
255
255
255
255
255
255
255
255
253
230
199
168
137
118
120
131
150
170
181
188
187
173
158
142
130
125
124
123
123
125
128
132
137
141
146
255
255
255
255
255
255
255
255
255
255
255
255
255
255
255
255
255
254
247
221
190
159
129
116
121
132
152
172
182
187
183
168
152
137
127
124
123
122
124
127
132
137
142
147
156
255
255
255
255
255
255
255
255
255
255
255
255
255
255
255
255
253
247
234
205
174
145
121
114
122
133
154
173
184
186
179
164
148
133
125
123
122
123
126
130
136
141
147
155
167
255
255
255
255
255
255
255
254
252
249
246
243
240
238
236
233
229
220
205
179
154
131
115
114
124
136
157
174
184
184
177
161
146
130
124
123
123
124
128
134
139
145
153
165
181
255
255
255
255
255
253
248
241
233
224
217
212
209
207
205
202
198
189
174
154
135
119
112
117
127
140
160
175
185
183
175
159
144
128
124
122
123
126
131
137
142
150
162
177
197
255
255
255
254
251
243
232
219
205
193
186
181
178
176
174
171
167
158
145
132
120
113
114
123
132
145
163
176
187
183
174
158
143
126
123
122
124
128
133
139
145
156
171
191
212
255
255
255
250
240
226
209
190
174
162
155
151
150
149
148
147
143
136
129
122
117
116
122
130
138
151
166
178
188
184
173
157
142
125
123
122
125
129
134
140
149
162
182
203
225
255
255
252
241
225
204
181
159
143
133
128
127
127
127
127
126
124
122
121
121
122
125
131
138
145
157
171
181
190
184
171
156
140
125
123
122
126
130
136
141
153
170
192
213
235
255
254
245
228
206
179
150
129
117
112
112
116
120
123
125
126
127
128
129
130
132
136
141
147
154
166
177
187
192
183
169
153
138
124
123
122
127
131
136
142
157
178
199
221
242
255
251
236
213
184
153
126
113
110
113
119
126
130
134
137
140
142
145
147
149
152
155
158
162
168
176
184
191
191
179
164
149
134
124
123
123
127
131
137
143
162
183
205
226
248
255
246
224
195
164
133
114
109
114
121
130
137
143
149
154
159
163
166
168
169
170
171
173
175
179
185
190
191
186
172
157
143
131
124
123
124
128
132
138
144
166
187
209
230
251
254
238
211
180
149
120
109
112
121
131
141
149
157
163
169
173
176
178
178
178
177
176
176
177
180
182
183
181
173
160
148
137
128
124
123
124
128
133
138
145
168
190
211
233
253
251
230
199
168
137
113
110
119
129
140
151
159
167
174
180
182
183
181
178
174
172
171
171
172
173
173
172
168
159
149
140
132
126
124
122
125
129
134
139
147
170
192
213
235
254
248
221
190
159
129
110
115
125
136
149
159
168
176
184
187
186
184
179
173
169
167
166
165
164
163
162
159
154
146
139
133
128
124
123
122
125
130
135
140
149
172
193
215
237
255
243
213
182
151
122
110
119
130
142
156
166
176
186
190
189
184
176
167
161
156
153
151
149
148
147
145
142
138
133
129
126
124
123
122
123
127
132
137
142
152
174
196
217
239
255
238
207
176
145
118
113
123
134
149
163
174
184
191
190
184
174
161
152
145
140
137
134
132
131
130
128
127
126
125
125
126
125
125
126
127
131
135
140
144
156
178
199
221
242
255
233
202
171
140
115
116
126
139
156
169
180
189
191
185
173
160
146
137
130
127
124
123
123
124
125
126
127
128
129
129
130
129
130
130
132
135
139
142
148
162
184
205
227
246
255
229
198
167
136
114
119
129
143
162
174
185
191
188
176
161
146
135
128
125
124
123
123
124
126
128
130
132
133
133
134
134
134
134
135
137
140
143
148
156
173
195
216
235
250
255
226
195
164
134
113
121
131
148
167
178
188
190
182
167
151
137
128
125
124
123
123
124
126
129
132
134
135
136
137
139
142
145
148
151
154
157
161
167
176
192
210
227
242
252
255
223
192
161
133
114
123
134
153
171
181
189
188
175
159
144
131
125
124
123
122
124
126
130
134
137
139
143
148
154
160
167
172
175
178
179
181
184
189
197
211
225
238
248
254
255
222
191
160
133
114
124
136
156
173
184
189
184
169
153
138
127
124
123
123
123
126
130
135
139
144
150
158
167
177
185
192
196
199
200
202
203
206
210
219
229
238
247
253
255
255
221
190
159
133
115
125
138
159
175
185
188
180
164
149
133
125
124
122
123
125
129
135
140
145
153
162
173
186
198
207
213
217
220
222
223
225
227
232
238
244
249
253
255
255
255
220
189
158
133
115
125
140
161
177
187
186
176
160
145
130
124
123
123
124
128
133
139
144
152
163
176
191
208
220
229
235
239
242
244
245
246
249
250
252
254
255
255
255
255
255
220
189
158
133
115
125
142
162
178
187
184
173
157
142
127
124
122
123
126
131
136
142
149
160
174
192
211
229
241
248
252
254
255
255
255
255
255
255
255
255
255
255
255
255
255
221
190
159
133
115
125
143
163
179
187
182
170
155
140
126
124
122
124
128
133
138
144
155
169
188
209
230
244
251
254
255
255
255
255
255
255
255
255
255
255
255
255
255
255
255
222
191
160
134
115
125
143
164
180
186
181
168
153
138
125
123
123
126
129
135
140
148
161
180
201
223
242
251
255
255
255
255
255
255
255
255
255
255
255
255
255
255
255
255
255
224
193
162
136
116
125
144
165
181
185
180
167
151
136
124
123
123
127
131
136
142
152
169
190
212
233
249
254
255
255
255
255
255
255
255
255
255
255
255
255
255
255
255
255
255
226
195
164
138
117
125
145
165
181
185
180
165
150
134
124
123
123
127
132
137
143
157
177
199
220
242
253
255
255
255
255
255
255
255
255
255
255
255
255
255
255
255
255
255
255
228
197
166
140
119
125
145
166
181
184
179
165
150
133
124
123
124
128
133
138
145
162
184
205
227
248
255
255
255
255
255
255
255
255
255
255
255
255
255
255
255
255
255
255
255
