255
255
255
255
255
255
255
255
255
255
255
255
255
255
255
255
255
255
255
255
255
255
255
255
255
255
255
255
255
255
253
245
233
217
197
176
158
146
138
131
127
124
121
120
119
119
120
122
255
255
255
255
255
255
255
255
255
255
255
255
255
255
255
255
255
255
255
255
255
255
255
255
255
255
255
255
252
241
222
198
171
147
130
119
110
104
101
100
100
101
103
106
107
107
107
106
255
255
255
255
255
255
255
255
255
255
255
255
255
255
255
255
255
255
255
255
255
255
255
255
255
255
254
247
226
192
157
132
116
106
101
100
101
103
106
110
112
115
119
124
126
127
126
126
255
255
255
255
255
255
255
255
255
255
255
255
255
255
255
255
255
255
255
255
255
255
255
255
255
253
242
212
169
132
110
102
100
100
103
107
112
118
126
133
137
140
141
144
145
145
145
145
255
255
255
255
255
255
255
255
255
255
255
255
255
255
255
255
255
255
255
255
255
255
255
255
253
239
201
153
118
103
100
100
103
109
117
126
135
140
145
148
151
151
151
152
154
156
157
158
255
255
255
255
255
255
255
255
255
255
255
255
255
255
255
255
255
255
255
255
255
255
255
254
242
201
146
111
101
100
101
106
117
129
139
145
149
151
151
152
156
159
163
166
171
175
177
178
255
255
255
255
255
255
255
255
255
255
255
255
255
255
255
255
255
255
255
255
255
255
255
248
212
152
111
100
100
102
110
123
137
146
150
151
152
155
160
166
173
181
188
192
194
196
197
198
255
255
255
255
255
255
255
255
255
255
255
255
255
255
255
255
255
255
255
255
255
255
253
229
171
119
101
100
102
112
128
142
149
151
152
156
163
172
182
190
195
199
202
202
198
194
190
187
255
255
255
255
255
255
255
255
255
255
255
255
255
255
255
255
255
255
255
255
255
255
246
201
137
104
100
102
111
129
144
150
151
154
161
173
185
194
200
203
202
198
191
183
173
164
157
151
255
255
255
255
255
255
255
255
255
255
255
255
255
255
255
255
255
255
255
255
255
255
233
171
116
100
101
108
126
143
150
152
155
166
181
194
201
203
202
195
184
172
159
148
140
135
132
129
255
255
255
255
255
255
255
255
255
255
255
255
255
255
255
255
255
255
255
255
255
253
218
147
105
100
104
118
139
150
151
156
169
186
198
203
203
197
185
167
150
140
133
128
127
127
127
127
255
255
255
255
255
255
255
255
255
255
255
255
255
255
255
255
255
255
255
255
255
248
203
133
101
100
109
130
147
151
155
168
187
200
204
202
192
174
153
138
129
126
126
127
127
127
126
124
255
255
255
255
255
255
255
255
255
255
255
255
255
255
255
255
255
255
255
255
255
242
191
126
100
103
117
139
150
153
163
183
199
204
202
190
167
144
131
127
126
126
127
126
125
123
122
121
255
255
255
255
255
255
255
255
255
255
255
255
255
255
255
255
255
255
255
255
255
239
184
123
100
106
125
144
151
157
176
196
203
202
191
166
141
129
126
127
127
126
124
122
121
120
122
125
255
255
255
255
255
255
255
255
255
255
255
255
255
255
255
255
255
255
255
255
255
238
181
121
100
109
131
148
152
165
188
202
204
195
171
143
129
126
127
127
126
123
120
120
121
125
131
137
255
255
255
255
255
255
255
255
255
255
255
255
255
255
255
255
255
255
255
255
255
236
178
120
100
112
137
150
156
174
195
204
200
180
149
130
126
126
127
126
122
120
120
123
129
137
142
146
255
255
255
255
255
255
255
255
255
255
255
255
255
255
255
255
255
255
255
255
255
233
171
116
100
113
139
151
160
183
200
204
192
162
135
126
126
126
125
122
120
120
124
133
141
145
147
147
255
255
255
255
255
255
255
255
255
255
255
255
255
255
255
255
255
255
255
255
255
227
160
110
100
113
140
152
163
188
203
202
182
147
128
126
127
125
122
120
120
125
134
142
146
147
147
149
255
255
255
255
255
255
255
255
255
255
255
255
255
255
255
255
255
255
255
255
252
215
144
104
100
113
139
152
165
191
204
197
170
139
126
127
126
124
120
119
123
133
143
147
147
147
151
166
255
255
255
255
255
255
255
255
255
255
255
255
255
255
255
255
255
255
255
254
240
189
126
101
101
115
140
153
167
192
204
192
161
134
126
127
126
122
119
121
130
141
147
147
147
152
170
202
255
255
255
255
255
255
255
255
255
255
255
255
255
255
255
255
255
255
252
241
205
149
110
100
104
120
142
154
170
193
204
189
154
130
126
126
124
121
119
125
137
145
147
147
150
169
205
237
255
255
255
255
255
255
255
255
255
254
250
244
239
237
235
233
229
225
215
190
150
115
102
100
107
127
146
155
172
194
204
187
151
129
127
127
123
120
121
130
142
147
147
148
163
199
236
253
255
255
255
255
255
255
255
252
242
226
209
194
185
179
176
172
165
155
143
127
110
102
100
102
115
136
149
156
174
196
204
186
149
128
127
127
122
119
123
135
145
147
147
155
186
229
252
255
255
255
255
255
255
255
249
228
195
161
139
128
123
120
118
116
113
108
103
101
100
101
104
113
129
145
151
158
178
198
204
186
148
127
126
125
121
119
126
139
147
147
148
168
212
246
255
255
255
255
255
255
255
248
219
173
134
112
102
100
100
103
105
107
108
109
111
112
113
115
122
132
144
150
151
162
184
200
203
184
146
126
125
123
120
119
127
141
147
147
153
184
231
253
255
255
255
255
255
255
250
222
169
123
104
100
101
104
110
117
124
126
128
132
134
136
138
140
143
147
150
151
155
170
192
203
201
178
143
126
126
123
120
120
128
141
147
147
161
201
242
255
255
255
255
255
255
254
234
181
126
103
100
101
107
118
131
139
144
145
146
148
149
150
151
151
151
151
153
158
168
185
200
204
196
169
138
126
126
124
121
121
130
142
147
147
168
215
249
255
255
255
255
255
255
248
208
143
106
100
101
107
122
138
147
150
151
152
155
158
160
161
162
163
163
165
169
177
188
199
203
202
187
156
132
126
126
125
121
122
132
143
147
147
173
224
253
255
255
255
255
255
255
236
179
120
100
100
105
121
139
149
151
152
156
164
172
178
182
185
187
188
189
191
193
197
201
203
201
191
168
140
127
126
127
124
121
123
134
144
147
148
176
229
255
255
255
255
255
255
254
221
153
108
100
102
115
136
149
151
153
161
174
186
194
197
199
200
199
196
195
194
194
193
191
187
180
164
143
129
126
127
127
123
119
123
135
144
147
149
179
230
255
255
255
255
255
255
249
205
135
101
100
107
127
145
151
153
163
180
194
201
204
201
195
186
178
172
168
166
164
162
158
152
145
136
129
126
127
128
125
121
119
124
137
145
147
151
181
232
255
255
255
255
255
255
241
188
124
100
101
115
137
150
152
161
180
196
203
203
198
184
167
151
143
139
137
136
135
134
133
131
129
127
126
126
127
126
122
120
120
128
141
147
147
153
186
234
255
255
255
255
255
255
233
172
117
100
105
123
143
151
156
174
194
203
203
196
177
154
138
129
127
126
126
126
125
125
126
127
127
126
125
124
124
122
120
120
125
135
144
147
147
157
194
238
255
255
255
255
255
255
226
159
110
100
109
130
147
152
164
186
201
204
198
177
149
132
127
126
126
126
125
124
122
121
122
122
123
123
124
124
124
124
124
127
135
143
147
147
147
164
207
244
255
255
255
255
255
255
221
149
105
100
112
136
150
155
173
194
204
201
184
153
132
126
126
126
125
123
122
121
121
122
124
126
127
129
131
133
134
135
136
140
144
146
147
147
151
178
224
251
255
255
255
255
255
255
218
143
102
101
115
140
151
159
181
199
204
194
166
137
127
126
127
125
122
120
120
121
126
132
137
140
141
142
143
143
144
144
145
147
147
147
148
153
170
206
241
254
255
255
255
255
255
254
215
139
100
104
120
142
152
164
188
202
202
185
150
129
126
127
126
123
120
119
122
129
137
143
145
147
148
147
148
151
156
159
161
162
163
165
170
184
209
237
252
255
255
255
255
255
255
252
211
136
100
106
125
144
153
169
193
204
198
174
141
126
126
126
124
120
119
122
130
140
145
147
147
148
152
161
172
182
191
199
202
204
206
210
219
231
244
252
255
255
255
255
255
255
255
251
208
134
100
107
127
145
156
174
195
204
193
163
135
126
127
126
122
119
121
128
139
146
147
147
149
159
178
202
221
231
237
240
242
243
244
246
250
254
255
255
255
255
255
255
255
255
255
250
207
134
100
107
127
145
157
177
197
204
188
153
130
126
127
125
121
119
124
136
145
147
147
149
163
191
222
241
251
255
255
255
255
255
255
255
255
255
255
255
255
255
255
255
255
255
255
251
207
134
100
107
126
145
159
180
198
203
183
147
127
127
127
123
120
121
129
141
147
147
148
160
192
229
249
255
255
255
255
255
255
255
255
255
255
255
255
255
255
255
255
255
255
255
255
252
210
135
100
106
125
145
160
183
200
201
178
142
126
127
126
122
119
123
135
145
147
147
153
181
224
250
255
255
255
255
255
255
255
255
255
255
255
255
255
255
255
255
255
255
255
255
255
253
213
137
100
106
125
145
162
186
201
198
173
140
126
127
125
121
119
126
139
147
147
148
165
208
244
255
255
255
255
255
255
255
255
255
255
255
255
255
255
255
255
255
255
255
255
255
255
255
216
140
101
106
125
145
162
187
202
196
169
138
126
127
126
122
120
128
142
147
147
152
182
229
253
255
255
255
255
255
255
255
255
255
255
255
255
255
255
255
255
255
255
255
255
255
255
255
218
143
102
107
126
145
163
188
202
195
167
137
126
126
125
121
122
132
143
147
147
160
200
241
255
255
255
255
255
255
255
255
255
255
255
255
255
255
255
255
255
255
255
255
255
255
255
255
221
147
104
107
127
145
163
188
202
194
165
136
126
126
123
120
123
134
144
147
147
168
215
248
255
255
255
255
255
255
255
255
255
255
255
255
255
255
255
255
255
255
255
255
255
255
255
255
224
154
107
107
127
145
163
187
202
194
164
135
127
126
122
119
123
135
144
147
149
176
227
253
255
255
255
255
255
255
255
255
255
255
255
255
255
255
255
255
255
255
255
255
255
255
255
255
230
169
123
120
137
154
170
192
206
198
171
145
138
138
133
131
135
147
155
156
160
189
235
255
255
255
255
255
255
255
255
255
255
255
255
255
255
255
255
255
255
255
255
255
255
255
